1 18120566
1 18120604
1 18639800
1 18693803
1 18926601
1 21476803
1 23719740
1 24306795
1 25280631
1 26229313
1 3679142
1 3679168
10 19406396
10 20106377
10 2033767
10 24732890
11 23277578
12 26691609
12 28819075
12 29401348
12 29401351
12 31500418
12 525003
12 527186
13 26067256
13 26412260
13 26412272
13 3747930
13 797429
14 10560517
14 10762384
14 1405345
14 20900222
14 3080962
14 3872738
14 4008874
14 4008889
14 4328391
15 5446031
15 8825705
15 8858822
16 11678054
16 1363465
16 23026446
16 26181422
16 26519725
16 27432904
16 6404140
17 17446666
17 20476063
17 206660
17 206696
17 25662777
18 10443064
18 20104948
18 2589593
18 6971058
18 8453735
2 12204123
2 15236273
2 5295627
2 5632629
2 7173613
2 8428983
3 1045465
3 21438801
3 22825935
3 26548122
3 26865086
3 27304561
3 27629057
4 16658288
4 21049773
4 21615367
4 23182239
4 24286073
4 26680108
4 3558714
5 11531514
5 26505756
5 5717831
5 7210780
6 1955767
6 21801964
6 26536626
6 26780964
6 5459663
8 2104371
8 25005475
8 27698570
8 27711566
8 30056392
9 22932910
9 26297810
9 26321538
9 26818615
