1	22219681
1	25551427
1	31089976
1	31872776
1	33851199
2	871030
2	2233801
2	2239817
2	2322040
2	2322090
2	7171541
2	7173615
2	8084932
2	16152629
2	30455289
3	7922995
3	8711870
3	13750556
3	13878415
3	13878418
3	22710038
3	23224967
3	23253613
3	23730851
4	6314831
4	9145949
4	9145954
4	9145960
4	10498650
4	10498685
4	10498702
4	10532859
4	10532907
4	15841426
4	16366477
4	20261234
4	21205441
4	21205480
4	21320372
4	21343585
5	5717940
5	8228726
5	8237252
5	14978462
5	15122278
5	15132529
5	15293790
5	27109699
6	5638819
6	10652249
6	15881454
6	25061802
7	4055938
7	4069233
7	4227402
7	10027956
7	23840712
8	283386
8	283398
8	22906947
9	81113
9	2779902
9	4061482
9	9536458
9	11820209
10	20514
10	68074
10	3020861
10	3023412
10	3023423
10	6719562
10	6719583
10	10538023
10	15544445
11	13896654
11	14021148
11	14597855
11	14597883
11	16471519
11	23962434
11	23962440
11	23962449
11	24155510
11	24155565
11	24185552
11	24185575
11	24185590
12	1244385
12	6113521
12	8918125
13	3676718
13	3698128
13	3747889
13	3747898
13	20265191
13	20265213
14	1562932
14	12020725
14	12084011
14	12098941
14	15666844
14	16210543
14	17994406
14	18280353
14	19012280
15	183042
15	15872559
15	18886518
16	1363492
16	11597739
16	11647735
16	11678013
16	11805756
16	11854030
16	11854051
16	22133556
16	22133563
16	24948195
17	2126610
17	8616034
17	9471853
17	27221657
18	2098864
18	3023608
18	3023747
18	3023760
18	4891959
