1	868895
1	868920
1	868929
1	1427328
1	1427346
1	1454229
1	1585466
1	1585476
1	1725996
1	1760794
1	2483412
1	2701531
1	2703220
1	2703267
1	2703277
1	2703304
1	3060151
1	3084568
1	3469226
1	3638279
1	3638327
1	3679164
1	3781436
1	4020079
1	4273593
1	4424963
1	5182011
1	6275302
1	6295339
1	6816788
1	6816818
1	6833768
1	11772380
1	12471564
1	13604709
1	13604734
1	14871073
1	16543173
1	16543196
1	17480479
1	18266359
1	18266363
1	18586771
1	18693854
1	18921484
1	19374156
1	19374177
1	19523497
1	19905961
1	19988456
1	20351464
1	20402414
1	21236610
1	21312152
1	21476795
1	21684688
1	21684691
1	21909944
1	22183693
1	22205701
1	22267160
1	22270234
1	22365703
1	22560280
1	22589661
1	22852887
1	22852925
1	22852929
1	23005064
1	23238788
1	23369026
1	23493338
1	23715894
1	23883230
1	23988465
1	24045650
1	24045663
1	24053123
1	24082866
1	24082867
1	24121316
1	24134225
1	24565028
1	24601341
1	24653290
1	24711199
1	24948576
1	24969553
1	24971728
1	25178007
1	25178043
1	25455874
1	25470456
1	25744800
1	25924499
1	26025111
1	26055153
1	26063272
1	26140890
1	26192690
1	26577660
1	26662739
1	26870075
1	26966003
1	27135451
1	27139715
1	27178415
1	27207914
1	27212716
1	27368982
1	27377779
1	27572802
1	27742152
1	27875161
1	28277286
1	28572993
1	28658486
1	28793620
1	29315173
1	29315176
1	29315222
1	29334518
1	29425079
1	29477857
1	29477871
1	29657490
1	29802394
1	29802506
1	29903662
1	30103162
1	30108896
1	30121808
1	30186736
1	30186938
1	30205746
1	30338971
1	30375025
1	30416982
1	30543946
1	30543959
1	30545986
1	30546029
1	30560941
1	30560954
1	30838985
1	30915175
1	31095423
1	31545917
1	31617343
1	31651752
1	31749527
1	31799998
1	31811718
1	31879761
1	31879782
1	31879831
1	31923710
1	31981639
1	31981701
1	32197815
1	32241393
1	32542345
1	32622759
1	32669009
1	32722162
1	32764908
1	33024329
1	33133065
1	33163354
1	33680182
1	33680212
1	33680228
1	33687494
1	33762583
1	33762612
1	33767213
1	34384310
1	34623056
2	393428
2	866447
2	1403714
2	1403736
2	1410635
2	1598859
2	1650546
2	1909765
2	2005275
2	2660911
2	3111094
2	3480213
2	3872567
2	3880690
2	4128647
2	4182746
2	4190057
2	4225917
2	4256094
2	4311033
2	4311082
2	4338707
2	4417074
2	4691127
2	4824611
2	4928584
2	4928600
2	5142126
2	5258624
2	5295588
2	5492240
2	5493904
2	5493939
2	5887450
2	6638526
2	6711337
2	6827793
2	6890282
2	7105099
2	7728440
2	8422379
2	8422390
2	8797460
2	8827642
2	9581113
2	9581134
2	9595173
2	9961535
2	10089510
2	10118923
2	10463647
2	10463693
2	10921350
2	10995975
2	11034913
2	12291164
2	12320601
2	12320649
2	12320651
2	12449219
2	12772533
2	12804185
2	12804212
2	14268183
2	14534718
2	14851333
2	14851338
2	14851349
2	15236270
2	15236271
2	15371102
2	15469933
2	16152663
2	16478366
2	16750811
2	18121696
2	18121700
2	18938278
2	20067260
2	21710459
2	21711370
2	22055095
2	24664257
2	25900992
2	25901014
2	25901070
2	26127487
2	30686555
2	31679502
2	31679518
2	32130719
2	32309488
2	32309559
3	755736
3	800286
3	1386575
3	1536481
3	1538928
3	1794955
3	1990600
3	2077753
3	2197131
3	2538392
3	2574111
3	2633380
3	2634187
3	3239599
3	3941206
3	4828870
3	5761060
3	5957237
3	6915284
3	6915308
3	6976040
3	6976060
3	7237470
3	7237483
3	9436568
3	10792923
3	12145257
3	13595539
3	14195865
3	14795646
3	16297750
3	17143313
3	17945099
3	20898035
3	21826753
3	21858483
3	21858534
3	22406084
3	22420962
3	22565791
3	22565804
3	22658686
3	22658688
3	22740051
3	23041103
3	23278886
3	23665731
3	23730834
3	24154957
3	24163306
3	24417236
3	24420061
3	24432709
3	24465488
3	24465500
3	24866931
3	24873292
3	25159030
3	25191495
3	25240694
3	25254650
3	25301897
3	25513951
3	25527804
3	25765783
3	26430796
3	26476011
3	26561451
3	26561494
3	26576839
3	26576894
3	26647501
3	26703369
3	26817058
3	26824614
3	26865061
3	26917250
3	26997131
3	26997160
3	26998383
3	27081362
3	27338787
3	27594674
3	27629059
3	27629101
3	27856663
3	27966668
3	28500974
3	28500992
3	28592699
3	29052898
3	29052904
4	1544576
4	2165283
4	2721078
4	4069400
4	4069411
4	4069438
4	4214950
4	4739613
4	4739620
4	4739646
4	5371804
4	6043799
4	7266081
4	7266759
4	7266789
4	10736406
4	11014911
4	11015221
4	11015269
4	14027608
4	16548208
4	17299833
4	19252936
4	19342809
4	21524505
4	21688244
4	21720803
4	22374749
4	23085254
4	23117199
4	23176444
4	23176457
4	23176473
4	23181986
4	23218213
4	23218235
4	23229555
4	23229627
4	23356015
4	23356031
4	23368127
4	23419501
4	23458536
4	23596886
4	23596933
4	23596962
4	23596963
4	24483682
4	24570661
4	24597109
4	24604436
4	24650219
4	24716862
4	24716878
4	24769970
4	24933582
4	24940209
4	24940240
4	24940288
4	24940296
4	24991519
4	24998284
4	25005723
4	26051866
4	26051882
4	26106006
4	26210460
4	26210471
4	26210490
4	26480158
4	26795187
4	26862720
4	26862723
4	26862818
4	27072324
4	27072373
4	27305895
4	27409950
5	219372
5	554981
5	1121867
5	1206763
5	1206764
5	1435108
5	1663089
5	1678317
5	1678320
5	2120121
5	2120125
5	2373983
5	2532982
5	2563756
5	2590459
5	2628872
5	3041850
5	4459207
5	4459213
5	4499377
5	4891770
5	4916887
5	4997267
5	4997280
5	5085956
5	5126234
5	5182741
5	5182755
5	5220638
5	5288752
5	5288769
5	5428525
5	5469432
5	5514839
5	5717773
5	5717902
5	5984776
5	6867691
5	7312104
5	7632323
5	8118232
5	8128293
5	8348871
5	8574896
5	9008789
5	9016776
5	9468984
5	9469062
5	11478844
5	11775836
5	13084213
5	17024319
5	20096032
5	21054998
5	21545871
5	21545983
5	21646567
5	22143162
5	22322693
5	22548434
5	22548443
5	22627312
5	22627533
5	22715443
5	22838941
5	22838970
5	23062734
5	23484835
5	23623592
5	23733332
5	23751362
5	23988410
5	24834567
5	24848717
5	25633189
5	25697868
5	26201452
5	26328582
5	26382432
5	26509730
5	26509789
5	26588197
5	27059922
5	27059938
5	27174978
5	27575527
5	27754218
5	27868891
5	27918129
5	27990786
5	28043789
5	28068384
5	28112018
6	941945
6	941962
6	946293
6	1214877
6	1214938
6	1488193
6	2104809
6	2516501
6	2616212
6	3707396
6	3810092
6	5397565
6	5459636
6	6272260
6	8289267
6	9780555
6	9780651
6	10814718
6	14215400
6	14434084
6	14434107
6	17041239
6	17041292
6	17239882
6	17301229
6	17773994
6	18057433
6	18491644
6	18491682
6	18698885
6	18698892
6	19127678
6	19402097
6	19402111
6	19578969
6	19690395
6	19867991
6	19967190
6	19979143
6	19980780
6	19980900
6	19980901
6	20174795
6	20236151
6	20236196
6	20351425
6	20358097
6	20371884
6	20451060
6	20563162
6	20667297
6	21082641
6	21082667
6	21156353
6	21453270
6	21453272
6	21453305
6	21562115
6	21565421
6	21565462
6	21700121
6	21703617
6	21779371
6	21779381
6	22158947
6	22216236
6	23104906
6	23125468
6	23149569
6	23306364
6	23306414
6	23793959
6	23793981
6	23847063
6	23888070
6	24064626
6	24143923
6	24262719
6	24262724
6	24264111
6	24357337
6	24357419
6	24438219
6	24605206
6	24989723
6	25051765
6	25051769
6	25096563
6	25309523
6	25309573
6	25472141
6	25669857
6	26112946
6	26408655
6	26598031
6	26611352
6	27145217
6	27475388
6	27498476
6	27845518
7	652596
7	794274
7	1172856
7	1241067
7	1318372
7	1594117
7	1594214
7	2386709
7	2663920
7	2663941
7	2664028
7	3324715
7	3324718
7	3548807
7	3548819
7	5023601
7	5049019
7	5473580
7	5473635
7	6946411
7	11374657
7	15875247
7	15967734
7	17666177
7	19747409
7	21707005
7	21707014
7	22348978
7	22394053
7	22394103
7	22411756
7	22411776
7	22413575
7	22468905
7	23513143
7	23524148
7	23794883
7	23840783
7	24113422
7	24328801
7	24627977
7	24627989
7	24658993
7	24722685
7	24722725
7	24857849
7	24887725
7	24906327
7	24922299
7	24985814
7	25216134
7	25250653
7	25273891
7	25322461
7	25482403
7	25669441
7	26204092
8	32040
8	452161
8	481519
8	597988
8	612779
8	684827
8	905882
8	1694724
8	1694835
8	1837867
8	1937417
8	1937438
8	2104370
8	2388500
8	2727525
8	2856118
8	2905799
8	2905846
8	2915220
8	2966896
8	2972478
8	3085950
8	3208786
8	3549114
8	3549121
8	3551563
8	3554530
8	3554575
8	3564670
8	3921627
8	3997335
8	4042254
8	4042272
8	4145534
8	4302845
8	4319259
8	4357288
8	4410404
8	4868194
8	5251624
8	5364091
8	6005728
8	6939658
8	9486843
8	9486884
8	10917068
8	10917069
8	11245736
8	12602385
8	13604469
8	14670965
8	15677227
8	16887981
8	18475648
8	19617616
8	22744353
8	23354045
8	23356474
8	23697046
8	25783440
8	26561984
8	27157109
8	27178508
8	27386560
8	27422675
8	27521122
8	27523024
8	27800376
8	28311393
8	28618418
8	28620170
8	28699231
8	28699232
8	28718678
8	29369799
8	29991416
8	29991447
8	30283920
8	30672515
8	30810724
8	31950421
8	31990000
8	32104393
8	32264105
8	32440643
8	32636474
8	32848115
8	33021536
8	33224659
8	33409431
8	33586017
9	376980
9	376993
9	970523
9	1785770
9	1785839
9	2491606
9	2829876
9	3275993
9	4577396
9	4858696
9	4867969
9	5221521
9	5280718
9	5563913
9	5630949
9	5630953
9	5630957
9	5932804
9	6081682
9	6419315
9	6881539
9	8124968
9	9929729
9	9984208
9	11964299
9	16728054
9	21715915
9	21880977
9	21910433
9	22867979
9	22868018
9	22930207
9	22932861
9	22932887
9	22932913
9	22932930
9	22932945
9	23355337
9	23651833
9	23651842
9	23724990
9	24079816
9	24187694
9	24569833
9	24757928
9	24760107
9	25011811
9	25063321
9	25063563
9	25076626
9	25241626
9	25608142
9	25756339
9	25852943
9	25927747
9	25932592
9	25939345
9	26108449
9	26126372
9	26297836
9	26327415
9	26365161
9	26392430
9	26480384
9	26630600
9	26710907
9	26710910
9	26913354
9	26956658
9	26956674
9	27066935
9	27066938
9	27186289
9	27186351
9	27381292
9	27434937
9	27520095
9	27587170
9	27618354
9	27758311
9	27887946
9	28070141
9	28542235
9	29026791
10	382923
10	475045
10	475051
10	505468
10	785471
10	786476
10	964339
10	1053839
10	1053869
10	1321016
10	1438426
10	1636526
10	1636552
10	1702348
10	1711507
10	1711520
10	2035036
10	2035101
10	2035122
10	2262337
10	2633576
10	2799855
10	2799880
10	3020853
10	3338921
10	3594035
10	3737238
10	4152228
10	4152253
10	4934895
10	5296556
10	5386796
10	5650009
10	7113791
10	7303068
10	7561967
10	9733832
10	9733851
10	9972039
10	9998529
10	14529386
10	16724289
10	18954283
10	19882493
10	19978506
10	20300591
10	20300681
10	20368711
10	20401367
10	20493510
10	20493789
10	20761008
10	20761046
10	21654349
10	21661095
10	22958150
10	22958164
10	22959901
10	22959906
10	22959986
10	22960521
10	23085493
10	24227650
10	24403521
10	24746043
10	24781965
10	24781995
10	25079745
10	25079747
10	25079768
10	25079789
10	25488725
10	25598227
10	25708430
10	25783047
10	25831535
10	25952732
10	26319919
11	757232
11	809015
11	809041
11	809079
11	1353083
11	1415115
11	1514198
11	1894449
11	1958455
11	2098441
11	2316969
11	2316973
11	2469764
11	2519754
11	2683293
11	2705571
11	3006052
11	3063497
11	4448146
11	5601311
11	5605490
11	6102220
11	6500810
11	6640520
11	6853050
11	7076468
11	7152859
11	7609261
11	7692998
11	8525610
11	9698378
11	10463114
11	10463139
11	10926355
11	12466940
11	14403887
11	14403928
11	14989265
11	16202230
11	16202248
11	16351537
11	17999130
11	17999131
11	18009534
11	18009549
11	19312244
11	20767942
11	20767944
11	20966440
11	21646447
11	22230302
11	22230306
11	23187493
11	23444198
11	23748887
11	24333276
11	24658484
11	24859770
11	25233847
11	25824027
11	26222920
11	26349847
11	26408745
11	26454723
11	26475401
11	26475411
11	26599337
11	26727920
11	27028235
11	27028317
11	27028318
12	332240
12	519766
12	525017
12	564675
12	696069
12	717830
12	885944
12	1559900
12	1592238
12	1623289
12	1651629
12	1941764
12	2074662
12	2316012
12	2410680
12	2410698
12	2541506
12	2610357
12	2612734
12	3409054
12	3409068
12	3409092
12	3583810
12	3583840
12	3685594
12	4027235
12	4972822
12	5474462
12	5542896
12	5542916
12	5605082
12	5844898
12	5897725
12	6164278
12	6239437
12	6546732
12	6546739
12	6546754
12	6611740
12	7323569
12	7323809
12	7323821
12	7417750
12	7462053
12	7658600
12	8037786
12	8357398
12	8507896
12	9995068
12	10230870
12	11480575
12	13090545
12	21013181
12	22451417
12	23711419
12	23711455
12	23725135
12	24606002
12	24671688
12	26130230
12	26217807
12	26722750
12	26898393
12	26950831
12	27065053
12	27618084
12	27887321
12	27923562
12	27977492
12	28102849
12	28189283
12	28929885
12	29155358
12	29438605
12	29484081
12	29795407
12	29897062
12	30738980
12	30809937
12	30878371
12	30974285
12	31075205
12	31075473
12	31079444
13	715247
13	1140031
13	1375965
13	2456713
13	2887091
13	2997043
13	3378518
13	3441645
13	3515064
13	4714741
13	4714746
13	4753257
13	4914774
13	4964926
13	5070456
13	5431342
13	6299828
13	7728471
13	7728532
13	9281564
13	9281577
13	9377993
13	9378016
13	9837667
13	9837682
13	13143510
13	13143530
13	13485370
13	13712255
13	13712286
13	13763179
13	13872868
13	13872910
13	14090204
13	15426278
13	17215099
13	21608870
13	21608873
13	23033386
13	23253086
13	23285474
13	23744067
13	23950981
13	23979303
13	24524107
13	24558436
13	24656609
13	24833912
13	24833921
13	24833947
13	25041766
13	25158348
13	25409449
13	25409473
13	25409526
13	25409547
13	25634115
13	25835347
13	26412251
13	26412271
13	26416676
13	26442437
13	26653053
13	26688862
13	27134279
13	27237900
13	27288854
13	27635822
14	156210
14	380796
14	380837
14	601209
14	794879
14	915135
14	1016629
14	1968791
14	2159176
14	2457213
14	2587937
14	2721837
14	2796212
14	2923340
14	3004218
14	3007078
14	3037061
14	3041922
14	3041951
14	3077019
14	3186908
14	3186929
14	3425129
14	3828533
14	4009495
14	4096454
14	4167901
14	4175771
14	4271702
14	4394433
14	4419790
14	5602444
14	5919905
14	5919978
14	5950659
14	6151469
14	6151493
14	6151505
14	6239249
14	6271160
14	6451240
14	6451246
14	6574477
14	6794836
14	6794844
14	6926646
14	6957044
14	7394447
14	7877066
14	7877133
14	7904185
14	7904187
14	7904194
14	7949921
14	8244435
14	8461848
14	8511515
14	8511539
14	8950667
14	8950697
14	10432921
14	10479661
14	10549590
14	10549598
14	10552027
14	10552098
14	10637883
14	10638470
14	10692387
14	10762354
14	10762360
14	10944719
14	10958258
14	10998756
14	11250003
14	11395049
14	11414222
14	11441037
14	11513991
14	11514015
14	11537114
14	11578883
14	11580388
14	11609206
14	12332287
14	12498525
14	12790914
14	12791753
14	13304643
14	14628787
14	15703871
14	15703876
14	15703888
14	15703927
14	16373779
14	17802976
14	20697839
14	23292847
14	23406366
14	23847593
14	23979281
14	23979291
14	23979320
14	24230753
14	24349104
14	24349123
15	647996
15	647999
15	1031119
15	1031226
15	1138387
15	1293123
15	1403574
15	1532177
15	2303263
15	2490111
15	2642129
15	2642132
15	2741887
15	2814867
15	2814869
15	2820306
15	2820310
15	3009234
15	3306650
15	3998024
15	4256728
15	4293175
15	4561011
15	4902042
15	5491094
15	5496304
15	5508587
15	5508603
15	6149724
15	6159657
15	6434098
15	6464892
15	6673088
15	6832042
15	7002742
15	7004761
15	7036049
15	7448897
15	7448911
15	7559186
15	7649120
15	7879139
15	7945310
15	8074182
15	8167165
15	8167300
15	8339076
15	8339094
15	8517182
15	8777346
15	8825698
15	8986305
15	9158386
15	9370429
15	9566106
15	9566119
15	9582517
15	10067320
15	10079708
15	10275490
15	10293008
15	11084131
15	11120184
15	11221838
15	11221918
15	11323002
15	11323005
15	11522692
15	11650479
15	11914781
15	12219253
15	12219258
15	13888766
15	19882711
15	19882717
15	19882725
15	20348288
15	25866523
16	356144
16	356165
16	356167
16	556807
16	556809
16	564689
16	667467
16	795576
16	1059337
16	1164823
16	1363451
16	1647975
16	1998191
16	2021733
16	2021777
16	2195839
16	2401709
16	2402297
16	2402317
16	2430325
16	3096864
16	3375003
16	3662293
16	3690332
16	5457319
16	5622551
16	12593056
16	14332730
16	14332748
16	17031128
16	18091953
16	19620262
16	19885014
16	19885024
16	20432504
16	20653285
16	21907983
16	22291876
16	22291918
16	22295122
16	22583203
16	22923882
16	22923896
16	23166730
16	23484716
16	24663082
16	24716115
16	24716116
16	25099052
16	25158904
16	25164685
16	25464582
16	25781256
16	25838744
16	26075141
16	26249601
16	26373869
16	26462427
16	26518025
16	26518041
16	26760874
16	26885697
16	27661422
16	27811906
16	27811917
16	28544228
16	28649582
17	515638
17	1558753
17	1558764
17	3380610
17	4667101
17	6546471
17	6863276
17	7327184
17	10611255
17	11444491
17	14632371
17	16799116
17	16799122
17	17317037
17	17776669
17	18484749
17	18620848
17	18686139
17	18742589
17	18742620
17	18742627
17	18742633
17	18797483
17	18797501
17	18797510
17	18994080
17	19233050
17	19233097
17	19297030
17	19813729
17	20167519
17	20167536
17	20192862
17	20517045
17	20760384
17	20760418
17	21585095
17	21585116
17	22019457
17	22019471
17	22057046
17	23292935
17	23292941
17	23471956
17	23542578
17	23542611
17	23561773
17	23562406
17	23562428
17	23590171
17	23635793
17	23635862
17	23809201
17	24008934
17	24057700
17	24519564
17	24524215
17	24653456
17	24693160
17	24693186
17	25044232
17	25058969
17	25059001
17	25059003
17	25089417
17	25096119
17	25192816
17	25253782
17	25572306
17	25572424
17	25715223
17	26021757
17	26021764
17	27188930
17	27338274
18	151917
18	442001
18	805308
18	805335
18	1229547
18	1238135
18	1238173
18	1339928
18	1433783
18	1488312
18	1764556
18	1796447
18	2556421
18	2619028
18	3640372
18	3975203
18	3975233
18	4133458
18	4141816
18	4198049
18	4258891
18	4304872
18	4685023
18	4758982
18	5310208
18	5324846
18	5326234
18	5339429
18	5562927
18	5562957
18	5911637
18	6052308
18	6064475
18	6971068
18	7007428
18	7007493
18	7122870
18	7348763
18	7348766
18	7901929
18	7994925
18	8246769
18	8377080
18	8447498
18	8496976
18	8497008
18	8501358
18	8640381
18	8645729
18	8709004
18	8709049
18	8821041
18	8993819
18	9044609
18	9256119
18	9633959
18	9901783
18	10345520
18	10443031
18	10443039
18	10855525
18	10855532
18	10855534
18	12084832
18	12929894
18	13506691
18	17673730
